4.946083329999999842e+04 6.033055599999999686e+03
4.947166670000000158e+04 6.365833300000000236e+03
4.947444440000000031e+04 6.079444400000000314e+03
4.947583329999999842e+04 6.042222200000000157e+03
4.948055559999999969e+04 6.087500000000000000e+03
4.948472219999999652e+04 6.097777799999999843e+03
4.948527780000000348e+04 6.323055599999999686e+03
4.948694440000000031e+04 6.291666699999999764e+03
4.948861110000000190e+04 6.351666699999999764e+03
4.948916670000000158e+04 6.039722200000000157e+03
4.949111110000000190e+04 6.092500000000000000e+03
4.949277780000000348e+04 6.069444400000000314e+03
4.949583329999999842e+04 5.980555599999999686e+03
4.950138889999999810e+04 6.352777799999999843e+03
4.950500000000000000e+04 6.281111100000000079e+03
4.950527780000000348e+04 6.316388899999999921e+03
4.950638889999999810e+04 6.012777799999999843e+03
4.950666670000000158e+04 6.150555599999999686e+03
4.950750000000000000e+04 6.287500000000000000e+03
4.950916670000000158e+04 6.056111100000000079e+03
4.951027780000000348e+04 5.943611100000000079e+03
4.951055559999999969e+04 6.257222200000000157e+03
4.951111110000000190e+04 5.873888899999999921e+03
4.951166670000000158e+04 6.356944400000000314e+03
4.951277780000000348e+04 5.929444400000000314e+03
4.951361110000000190e+04 5.896111100000000079e+03
4.951500000000000000e+04 6.191666699999999764e+03
4.951666670000000158e+04 5.850000000000000000e+03
4.951666670000000158e+04 6.166666699999999764e+03
4.951694440000000031e+04 6.065000000000000000e+03
4.951861110000000190e+04 6.102777799999999843e+03
4.951972219999999652e+04 6.078333300000000236e+03
4.952000000000000000e+04 6.298333300000000236e+03
4.952083329999999842e+04 6.186666699999999764e+03
4.952277780000000348e+04 6.224722200000000157e+03
4.952388889999999810e+04 6.342222200000000157e+03
4.952416670000000158e+04 5.891388899999999921e+03
4.952416670000000158e+04 5.966111100000000079e+03
4.952444440000000031e+04 6.129722200000000157e+03
4.952500000000000000e+04 5.837500000000000000e+03
4.952500000000000000e+04 6.042222200000000157e+03
4.952555559999999969e+04 5.940555599999999686e+03
4.952805559999999969e+04 6.353888899999999921e+03
4.952944440000000031e+04 6.010833300000000236e+03
4.953027780000000348e+04 6.120277799999999843e+03
4.953083329999999842e+04 6.355000000000000000e+03
4.953111110000000190e+04 5.847222200000000157e+03
4.953250000000000000e+04 6.248333300000000236e+03
4.953250000000000000e+04 6.355277799999999843e+03
4.953305559999999969e+04 5.988333300000000236e+03
4.953333329999999842e+04 5.900000000000000000e+03
4.953333329999999842e+04 6.316666699999999764e+03
4.953361110000000190e+04 6.080833300000000236e+03
4.953555559999999969e+04 6.146944400000000314e+03
4.953611110000000190e+04 5.893055599999999686e+03
4.953638889999999810e+04 6.029444400000000314e+03
4.953805559999999969e+04 6.284166699999999764e+03
4.954027780000000348e+04 6.129166699999999764e+03
4.954083329999999842e+04 6.200833300000000236e+03
4.954083329999999842e+04 6.259722200000000157e+03
4.954138889999999810e+04 6.021666699999999764e+03
4.954222219999999652e+04 6.150000000000000000e+03
4.954444440000000031e+04 6.137777799999999843e+03
4.954444440000000031e+04 6.327500000000000000e+03
4.954500000000000000e+04 6.366944400000000314e+03
4.954638889999999810e+04 5.840833300000000236e+03
4.954638889999999810e+04 5.856388899999999921e+03
4.954805559999999969e+04 5.928888899999999921e+03
4.954861110000000190e+04 6.209166699999999764e+03
4.954888889999999810e+04 6.016944400000000314e+03
4.954888889999999810e+04 6.317222200000000157e+03
4.954944440000000031e+04 6.000277799999999843e+03
4.955277780000000348e+04 6.315833300000000236e+03
4.955388889999999810e+04 6.329166699999999764e+03
4.955500000000000000e+04 6.287500000000000000e+03
4.955833329999999842e+04 5.880555599999999686e+03
4.955888889999999810e+04 5.980555599999999686e+03
4.956111110000000190e+04 6.112222200000000157e+03
4.956194440000000031e+04 6.221666699999999764e+03
4.956250000000000000e+04 6.008888899999999921e+03
4.956277780000000348e+04 6.153888899999999921e+03
4.956277780000000348e+04 6.364444400000000314e+03
4.956500000000000000e+04 6.163611100000000079e+03
4.956583329999999842e+04 5.886666699999999764e+03
4.956666670000000158e+04 5.933333300000000236e+03
4.956666670000000158e+04 6.116666699999999764e+03
4.956750000000000000e+04 5.910277799999999843e+03
4.956777780000000348e+04 6.285000000000000000e+03
4.956805559999999969e+04 6.151388899999999921e+03
4.956833329999999842e+04 6.065277799999999843e+03
4.957083329999999842e+04 6.280555599999999686e+03
4.957277780000000348e+04 6.248611100000000079e+03
4.957444440000000031e+04 6.275555599999999686e+03
4.957472219999999652e+04 6.034722200000000157e+03
4.957583329999999842e+04 5.983888899999999921e+03
4.957750000000000000e+04 5.910833300000000236e+03
4.957833329999999842e+04 6.058888899999999921e+03
4.958138889999999810e+04 5.966944400000000314e+03
4.958194440000000031e+04 6.226666699999999764e+03
4.958250000000000000e+04 5.956388899999999921e+03
4.958388889999999810e+04 6.359166699999999764e+03
4.958416670000000158e+04 6.173611100000000079e+03
4.958527780000000348e+04 6.255555599999999686e+03
4.958555559999999969e+04 6.123055599999999686e+03
4.958833329999999842e+04 5.983333300000000236e+03
4.958944440000000031e+04 6.106944400000000314e+03
4.959000000000000000e+04 6.316111100000000079e+03
4.959444440000000031e+04 6.150000000000000000e+03
4.959638889999999810e+04 6.260000000000000000e+03
4.959666670000000158e+04 5.875833300000000236e+03
4.959861110000000190e+04 6.368055599999999686e+03
4.959972219999999652e+04 6.387777799999999843e+03
4.960000000000000000e+04 6.150000000000000000e+03
4.960000000000000000e+04 6.166666699999999764e+03
4.960000000000000000e+04 6.250000000000000000e+03
4.960222219999999652e+04 5.948333300000000236e+03
4.960250000000000000e+04 6.124166699999999764e+03
4.960333329999999842e+04 6.095555599999999686e+03
4.960361110000000190e+04 5.900833300000000236e+03
4.960583329999999842e+04 6.258888899999999921e+03
4.960694440000000031e+04 6.168611100000000079e+03
4.960694440000000031e+04 6.325833300000000236e+03
4.960722219999999652e+04 5.932222200000000157e+03
4.960833329999999842e+04 6.405833300000000236e+03
4.961111110000000190e+04 6.050000000000000000e+03
4.961138889999999810e+04 6.136111100000000079e+03
4.961166670000000158e+04 6.130000000000000000e+03
4.961333329999999842e+04 6.218888899999999921e+03
4.961638889999999810e+04 5.990277799999999843e+03
4.961638889999999810e+04 6.156666699999999764e+03
4.961666670000000158e+04 5.952500000000000000e+03
4.961666670000000158e+04 6.133333300000000236e+03
4.961666670000000158e+04 6.166666699999999764e+03
4.961666670000000158e+04 6.216666699999999764e+03
4.961666670000000158e+04 6.233333300000000236e+03
4.961666670000000158e+04 6.266666699999999764e+03
4.961722219999999652e+04 6.393888899999999921e+03
4.961916670000000158e+04 6.354444400000000314e+03
4.961944440000000031e+04 6.240000000000000000e+03
4.962055559999999969e+04 6.073333300000000236e+03
4.962055559999999969e+04 6.268611100000000079e+03
4.962083329999999842e+04 6.121666699999999764e+03
4.962277780000000348e+04 6.107777799999999843e+03
4.962361110000000190e+04 6.136388899999999921e+03
4.962388889999999810e+04 6.149444400000000314e+03
4.962388889999999810e+04 6.202777799999999843e+03
4.962444440000000031e+04 6.421666699999999764e+03
4.962638889999999810e+04 6.336944400000000314e+03
4.962750000000000000e+04 6.023333300000000236e+03
4.962805559999999969e+04 6.104444400000000314e+03
4.962861110000000190e+04 6.278055599999999686e+03
4.962888889999999810e+04 6.131944400000000314e+03
4.962916670000000158e+04 6.267500000000000000e+03
4.962972219999999652e+04 6.139166699999999764e+03
4.963083329999999842e+04 5.891388899999999921e+03
4.963138889999999810e+04 5.917777799999999843e+03
4.963138889999999810e+04 6.403611100000000079e+03
4.963166670000000158e+04 6.119166699999999764e+03
4.963250000000000000e+04 6.220833300000000236e+03
4.963333329999999842e+04 6.200000000000000000e+03
4.963444440000000031e+04 6.355833300000000236e+03
4.964194440000000031e+04 6.239444400000000314e+03
4.964444440000000031e+04 5.984444400000000314e+03
4.964500000000000000e+04 5.990833300000000236e+03
4.964638889999999810e+04 5.916388899999999921e+03
4.964666670000000158e+04 6.400555599999999686e+03
4.964750000000000000e+04 6.260000000000000000e+03
4.964916670000000158e+04 6.128333300000000236e+03
4.964944440000000031e+04 5.931666699999999764e+03
4.965000000000000000e+04 6.050000000000000000e+03
4.965083329999999842e+04 6.235000000000000000e+03
4.965083329999999842e+04 6.303611100000000079e+03
4.965277780000000348e+04 6.141388899999999921e+03
4.965361110000000190e+04 6.241111100000000079e+03
4.965555559999999969e+04 6.434444400000000314e+03
4.965666670000000158e+04 6.049722200000000157e+03
4.965694440000000031e+04 6.127500000000000000e+03
4.965694440000000031e+04 6.233611100000000079e+03
4.965722219999999652e+04 6.000277799999999843e+03
4.965833329999999842e+04 6.082222200000000157e+03
4.965833329999999842e+04 6.137222200000000157e+03
4.965833329999999842e+04 6.364722200000000157e+03
4.966027780000000348e+04 5.981666699999999764e+03
4.966138889999999810e+04 5.919166699999999764e+03
4.966166670000000158e+04 6.343611100000000079e+03
4.966250000000000000e+04 6.302777799999999843e+03
4.966444440000000031e+04 6.073055599999999686e+03
4.966666670000000158e+04 6.416666699999999764e+03
4.966833329999999842e+04 6.035833300000000236e+03
4.966833329999999842e+04 6.330277799999999843e+03
4.966861110000000190e+04 6.142222200000000157e+03
4.966972219999999652e+04 5.965277799999999843e+03
4.967000000000000000e+04 5.950000000000000000e+03
4.967333329999999842e+04 6.400833300000000236e+03
4.967472219999999652e+04 6.320555599999999686e+03
4.967472219999999652e+04 6.441944400000000314e+03
4.967527780000000348e+04 6.008888899999999921e+03
4.967555559999999969e+04 6.247222200000000157e+03
4.967611110000000190e+04 6.315555599999999686e+03
4.967694440000000031e+04 6.123888899999999921e+03
4.967777780000000348e+04 6.359444400000000314e+03
4.968027780000000348e+04 6.130000000000000000e+03
4.968250000000000000e+04 6.289166699999999764e+03
4.968305559999999969e+04 6.141666699999999764e+03
4.968333329999999842e+04 5.933333300000000236e+03
4.968333329999999842e+04 5.950000000000000000e+03
4.968333329999999842e+04 6.350000000000000000e+03
4.968555559999999969e+04 5.878611100000000079e+03
4.968666670000000158e+04 6.185277799999999843e+03
4.968722219999999652e+04 6.143611100000000079e+03
4.968777780000000348e+04 6.365555599999999686e+03
4.968861110000000190e+04 5.914722200000000157e+03
4.968888889999999810e+04 6.248333300000000236e+03
4.969111110000000190e+04 6.059166699999999764e+03
4.969138889999999810e+04 6.388333300000000236e+03
4.969194440000000031e+04 6.002222200000000157e+03
4.969388889999999810e+04 6.442222200000000157e+03
4.969444440000000031e+04 6.069444400000000314e+03
4.969472219999999652e+04 6.142500000000000000e+03
4.969527780000000348e+04 5.870555599999999686e+03
4.969611110000000190e+04 5.920277799999999843e+03
4.969611110000000190e+04 6.481388899999999921e+03
4.969666670000000158e+04 6.131666699999999764e+03
4.969722219999999652e+04 6.170555599999999686e+03
4.969750000000000000e+04 6.197500000000000000e+03
4.969777780000000348e+04 6.219722200000000157e+03
4.970000000000000000e+04 5.900000000000000000e+03
4.970000000000000000e+04 5.983333300000000236e+03
4.970000000000000000e+04 6.116666699999999764e+03
4.970000000000000000e+04 6.283333300000000236e+03
4.970000000000000000e+04 6.433333300000000236e+03
4.970111110000000190e+04 5.967222200000000157e+03
4.970138889999999810e+04 6.018888899999999921e+03
4.970166670000000158e+04 5.916388899999999921e+03
4.970250000000000000e+04 6.043333300000000236e+03
4.970277780000000348e+04 6.374722200000000157e+03
4.970277780000000348e+04 6.426388899999999921e+03
4.970666670000000158e+04 6.340555599999999686e+03
4.970722219999999652e+04 6.253055599999999686e+03
4.970972219999999652e+04 5.988333300000000236e+03
4.971000000000000000e+04 6.061666699999999764e+03
4.971000000000000000e+04 6.500277799999999843e+03
4.971138889999999810e+04 6.310555599999999686e+03
4.971305559999999969e+04 6.050833300000000236e+03
4.971555559999999969e+04 6.216666699999999764e+03
4.971583329999999842e+04 6.133611100000000079e+03
4.971611110000000190e+04 6.436388899999999921e+03
4.971638889999999810e+04 6.490000000000000000e+03
4.971666670000000158e+04 6.133333300000000236e+03
4.971666670000000158e+04 6.183333300000000236e+03
4.971666670000000158e+04 6.216666699999999764e+03
4.971666670000000158e+04 6.366666699999999764e+03
4.971750000000000000e+04 5.950000000000000000e+03
4.971750000000000000e+04 6.120277799999999843e+03
4.971777780000000348e+04 6.010277799999999843e+03
4.971777780000000348e+04 6.355000000000000000e+03
4.971888889999999810e+04 6.092222200000000157e+03
4.971972219999999652e+04 6.200000000000000000e+03
4.972250000000000000e+04 5.907222200000000157e+03
4.972277780000000348e+04 5.927500000000000000e+03
4.972333329999999842e+04 6.302500000000000000e+03
4.972361110000000190e+04 6.342500000000000000e+03
4.972472219999999652e+04 5.917777799999999843e+03
4.972555559999999969e+04 5.964444400000000314e+03
4.972611110000000190e+04 5.841111100000000079e+03
4.972638889999999810e+04 6.116944400000000314e+03
4.972722219999999652e+04 5.986388899999999921e+03
4.972722219999999652e+04 6.393888899999999921e+03
4.972833329999999842e+04 6.210277799999999843e+03
4.972888889999999810e+04 6.231944400000000314e+03
4.973027780000000348e+04 5.843888899999999921e+03
4.973055559999999969e+04 5.887222200000000157e+03
4.973333329999999842e+04 6.133333300000000236e+03
4.973333329999999842e+04 6.216666699999999764e+03
4.973416670000000158e+04 6.319444400000000314e+03
4.973444440000000031e+04 6.336111100000000079e+03
4.973472219999999652e+04 6.287222200000000157e+03
4.973611110000000190e+04 5.898611100000000079e+03
4.973611110000000190e+04 6.023055599999999686e+03
4.973833329999999842e+04 6.267222200000000157e+03
4.973833329999999842e+04 6.500000000000000000e+03
4.973888889999999810e+04 6.345000000000000000e+03
4.973944440000000031e+04 5.970555599999999686e+03
4.973972219999999652e+04 5.856666699999999764e+03
4.973972219999999652e+04 6.187222200000000157e+03
4.974166670000000158e+04 6.114444400000000314e+03
4.974166670000000158e+04 6.427777799999999843e+03
4.974194440000000031e+04 6.018611100000000079e+03
4.974222219999999652e+04 5.926111100000000079e+03
4.974222219999999652e+04 6.480000000000000000e+03
4.974388889999999810e+04 6.115000000000000000e+03
4.974416670000000158e+04 6.170833300000000236e+03
4.974416670000000158e+04 6.328333300000000236e+03
4.974611110000000190e+04 5.971944400000000314e+03
4.974611110000000190e+04 6.363611100000000079e+03
4.974611110000000190e+04 6.465000000000000000e+03
4.974666670000000158e+04 6.260277799999999843e+03
4.974888889999999810e+04 6.106111100000000079e+03
4.974972219999999652e+04 6.083055599999999686e+03
4.975000000000000000e+04 5.850000000000000000e+03
4.975000000000000000e+04 6.000000000000000000e+03
4.975000000000000000e+04 6.200000000000000000e+03
4.975027780000000348e+04 6.306111100000000079e+03
4.975027780000000348e+04 6.328611100000000079e+03
4.975083329999999842e+04 6.008333300000000236e+03
4.975166670000000158e+04 5.957500000000000000e+03
4.975416670000000158e+04 6.513888899999999921e+03
4.975527780000000348e+04 5.912222200000000157e+03
4.975638889999999810e+04 6.160833300000000236e+03
4.975777780000000348e+04 6.353333300000000236e+03
4.975805559999999969e+04 6.478611100000000079e+03
4.975833329999999842e+04 5.826944400000000314e+03
4.975833329999999842e+04 6.116944400000000314e+03
4.975916670000000158e+04 6.041111100000000079e+03
4.975916670000000158e+04 6.239722200000000157e+03
4.975916670000000158e+04 6.387777799999999843e+03
4.976166670000000158e+04 6.188888899999999921e+03
4.976194440000000031e+04 6.303333300000000236e+03
4.976250000000000000e+04 6.033888899999999921e+03
4.976250000000000000e+04 6.241388899999999921e+03
4.976388889999999810e+04 5.857222200000000157e+03
4.976555559999999969e+04 5.890833300000000236e+03
4.976583329999999842e+04 6.221944400000000314e+03
4.976666670000000158e+04 5.866666699999999764e+03
4.976666670000000158e+04 6.450000000000000000e+03
4.976722219999999652e+04 6.498888899999999921e+03
4.976805559999999969e+04 6.116666699999999764e+03
4.976861110000000190e+04 5.820000000000000000e+03
4.976972219999999652e+04 5.982222200000000157e+03
4.977027780000000348e+04 6.109166699999999764e+03
4.977083329999999842e+04 6.304166699999999764e+03
4.977305559999999969e+04 6.338333300000000236e+03
4.977361110000000190e+04 5.928055599999999686e+03
4.977416670000000158e+04 5.955555599999999686e+03
4.977500000000000000e+04 6.360555599999999686e+03
4.977527780000000348e+04 6.015555599999999686e+03
4.977638889999999810e+04 6.515277799999999843e+03
4.977694440000000031e+04 6.221111100000000079e+03
4.977750000000000000e+04 6.150555599999999686e+03
4.977750000000000000e+04 6.472222200000000157e+03
4.977777780000000348e+04 6.499444400000000314e+03
4.977833329999999842e+04 5.895000000000000000e+03
4.977888889999999810e+04 6.116666699999999764e+03
4.977888889999999810e+04 6.441388899999999921e+03
4.977972219999999652e+04 5.809444400000000314e+03
4.977972219999999652e+04 5.935277799999999843e+03
4.978111110000000190e+04 6.273611100000000079e+03
4.978388889999999810e+04 5.904444400000000314e+03
4.978472219999999652e+04 6.310833300000000236e+03
4.978666670000000158e+04 6.096111100000000079e+03
4.978694440000000031e+04 6.174722200000000157e+03
4.978750000000000000e+04 6.069444400000000314e+03
4.978888889999999810e+04 6.286666699999999764e+03
4.978916670000000158e+04 5.857777799999999843e+03
4.978944440000000031e+04 5.839722200000000157e+03
4.979000000000000000e+04 6.388333300000000236e+03
4.979111110000000190e+04 5.934722200000000157e+03
4.979194440000000031e+04 6.132777799999999843e+03
4.979222219999999652e+04 5.975833300000000236e+03
4.979444440000000031e+04 5.821666699999999764e+03
4.979527780000000348e+04 5.941111100000000079e+03
4.979666670000000158e+04 6.155555599999999686e+03
4.979722219999999652e+04 5.953888899999999921e+03
4.979777780000000348e+04 6.159166699999999764e+03
4.979777780000000348e+04 6.504166699999999764e+03
4.979861110000000190e+04 5.835277799999999843e+03
4.979944440000000031e+04 6.086111100000000079e+03
4.980000000000000000e+04 5.866666699999999764e+03
4.980000000000000000e+04 6.100000000000000000e+03
4.980166670000000158e+04 5.939166699999999764e+03
4.980194440000000031e+04 6.218333300000000236e+03
4.980305559999999969e+04 6.000000000000000000e+03
4.980416670000000158e+04 6.253888899999999921e+03
4.980555559999999969e+04 6.422222200000000157e+03
4.980722219999999652e+04 5.791666699999999764e+03
4.981000000000000000e+04 5.866666699999999764e+03
4.981027780000000348e+04 6.097222200000000157e+03
4.981055559999999969e+04 5.918611100000000079e+03
4.981138889999999810e+04 6.478333300000000236e+03
4.981166670000000158e+04 5.765833300000000236e+03
4.981250000000000000e+04 6.282500000000000000e+03
4.981361110000000190e+04 6.089166699999999764e+03
4.981361110000000190e+04 6.350277799999999843e+03
4.981416670000000158e+04 5.874722200000000157e+03
4.981666670000000158e+04 5.866666699999999764e+03
4.981666670000000158e+04 5.950000000000000000e+03
4.981666670000000158e+04 6.116666699999999764e+03
4.981666670000000158e+04 6.250000000000000000e+03
4.981666670000000158e+04 6.300000000000000000e+03
4.981694440000000031e+04 6.088055599999999686e+03
4.981861110000000190e+04 6.020277799999999843e+03
4.982222219999999652e+04 5.855833300000000236e+03
4.982305559999999969e+04 5.888333300000000236e+03
4.982500000000000000e+04 5.751111100000000079e+03
4.982694440000000031e+04 6.091388899999999921e+03
4.982722219999999652e+04 5.935833300000000236e+03
4.982777780000000348e+04 5.967222200000000157e+03
4.982861110000000190e+04 5.764722200000000157e+03
4.982944440000000031e+04 6.222777799999999843e+03
4.983000000000000000e+04 6.171944400000000314e+03
4.983055559999999969e+04 5.854444400000000314e+03
4.983055559999999969e+04 6.098611100000000079e+03
4.983083329999999842e+04 5.845000000000000000e+03
4.983194440000000031e+04 6.093055599999999686e+03
4.983333329999999842e+04 6.016666699999999764e+03
4.983333329999999842e+04 6.100000000000000000e+03
4.983333329999999842e+04 6.183333300000000236e+03
4.983333329999999842e+04 6.382777799999999843e+03
4.983388889999999810e+04 6.007500000000000000e+03
4.983472219999999652e+04 5.742777799999999843e+03
4.983500000000000000e+04 6.331388899999999921e+03
4.983583329999999842e+04 6.291666699999999764e+03
4.983611110000000190e+04 5.789166699999999764e+03
4.983666670000000158e+04 5.906388899999999921e+03
4.983805559999999969e+04 5.840277799999999843e+03
4.984305559999999969e+04 6.204166699999999764e+03
4.984361110000000190e+04 6.268055599999999686e+03
4.984444440000000031e+04 6.249722200000000157e+03
4.984750000000000000e+04 6.104166699999999764e+03
4.984805559999999969e+04 6.035555599999999686e+03
4.985000000000000000e+04 6.116666699999999764e+03
4.985027780000000348e+04 5.901388899999999921e+03
4.985166670000000158e+04 5.793333300000000236e+03
4.985194440000000031e+04 6.134722200000000157e+03
4.985305559999999969e+04 5.915833300000000236e+03
4.985305559999999969e+04 6.187222200000000157e+03
4.985361110000000190e+04 6.319166699999999764e+03
4.985444440000000031e+04 6.095000000000000000e+03
4.985555559999999969e+04 5.903611100000000079e+03
4.985555559999999969e+04 6.047222200000000157e+03
4.985722219999999652e+04 5.880555599999999686e+03
4.985750000000000000e+04 5.825000000000000000e+03
4.985916670000000158e+04 5.961388899999999921e+03
4.985944440000000031e+04 5.851111100000000079e+03
4.986027780000000348e+04 6.288055599999999686e+03
4.986138889999999810e+04 5.843888899999999921e+03
4.986472219999999652e+04 6.114722200000000157e+03
4.986666670000000158e+04 5.833333300000000236e+03
4.986666670000000158e+04 6.183333300000000236e+03
4.986666670000000158e+04 6.216666699999999764e+03
4.986666670000000158e+04 6.233333300000000236e+03
4.986694440000000031e+04 5.773333300000000236e+03
4.986694440000000031e+04 6.182500000000000000e+03
4.986777780000000348e+04 6.155833300000000236e+03
4.986777780000000348e+04 6.239444400000000314e+03
4.986861110000000190e+04 6.267777799999999843e+03
4.987055559999999969e+04 5.903055599999999686e+03
4.987194440000000031e+04 5.972500000000000000e+03
4.987305559999999969e+04 5.931111100000000079e+03
4.987666670000000158e+04 6.218055599999999686e+03
4.987750000000000000e+04 5.887222200000000157e+03
4.988027780000000348e+04 6.221944400000000314e+03
4.988305559999999969e+04 6.098888899999999921e+03
4.988333329999999842e+04 5.900000000000000000e+03
4.988333329999999842e+04 6.166666699999999764e+03
4.988333329999999842e+04 6.200000000000000000e+03
4.988333329999999842e+04 6.233333300000000236e+03
4.988388889999999810e+04 6.258055599999999686e+03
4.988611110000000190e+04 5.936666699999999764e+03
4.988777780000000348e+04 5.816388899999999921e+03
4.988805559999999969e+04 6.067777799999999843e+03
4.988888889999999810e+04 5.978888899999999921e+03
4.989194440000000031e+04 6.165277799999999843e+03
4.989361110000000190e+04 6.044722200000000157e+03
4.989444440000000031e+04 6.163611100000000079e+03
4.989750000000000000e+04 6.183333300000000236e+03
4.989833329999999842e+04 5.820277799999999843e+03
4.989888889999999810e+04 6.205277799999999843e+03
4.989916670000000158e+04 5.812777799999999843e+03
4.990000000000000000e+04 5.900000000000000000e+03
4.990000000000000000e+04 5.950000000000000000e+03
4.990000000000000000e+04 6.050000000000000000e+03
4.990000000000000000e+04 6.091944400000000314e+03
4.990000000000000000e+04 6.209166699999999764e+03
4.990083329999999842e+04 5.858611100000000079e+03
4.990083329999999842e+04 6.037222200000000157e+03
4.990166670000000158e+04 5.884722200000000157e+03
4.990305559999999969e+04 5.780000000000000000e+03
4.990333329999999842e+04 6.135000000000000000e+03
4.990361110000000190e+04 5.888055599999999686e+03
4.990361110000000190e+04 5.962222200000000157e+03
4.990944440000000031e+04 5.890833300000000236e+03
4.991000000000000000e+04 5.877500000000000000e+03
4.991000000000000000e+04 6.067222200000000157e+03
4.991138889999999810e+04 5.936388899999999921e+03
4.991138889999999810e+04 5.995555599999999686e+03
4.991250000000000000e+04 6.140000000000000000e+03
4.991555559999999969e+04 6.196111100000000079e+03
4.991666670000000158e+04 5.783333300000000236e+03
4.991666670000000158e+04 6.000000000000000000e+03
4.991694440000000031e+04 6.011944400000000314e+03
4.991722219999999652e+04 6.227777799999999843e+03
4.991861110000000190e+04 6.086666699999999764e+03
4.992111110000000190e+04 6.038333300000000236e+03
4.992138889999999810e+04 5.903055599999999686e+03
4.992166670000000158e+04 5.968333300000000236e+03
4.992194440000000031e+04 5.849444400000000314e+03
4.992250000000000000e+04 6.054166699999999764e+03
4.992305559999999969e+04 5.878611100000000079e+03
4.992333329999999842e+04 5.872222200000000157e+03
4.992333329999999842e+04 5.997500000000000000e+03
4.992444440000000031e+04 6.130277799999999843e+03
4.992666670000000158e+04 6.173611100000000079e+03
4.993083329999999842e+04 6.037222200000000157e+03
4.993138889999999810e+04 5.790000000000000000e+03
4.993305559999999969e+04 6.063611100000000079e+03
4.993333329999999842e+04 5.800000000000000000e+03
4.993333329999999842e+04 6.066666699999999764e+03
4.993333329999999842e+04 6.216666699999999764e+03
4.993388889999999810e+04 5.941944400000000314e+03
4.993500000000000000e+04 6.208888899999999921e+03
4.993527780000000348e+04 5.975833300000000236e+03
4.993694440000000031e+04 6.101666699999999764e+03
4.993861110000000190e+04 6.156111100000000079e+03
4.994138889999999810e+04 5.882777799999999843e+03
4.994416670000000158e+04 5.785833300000000236e+03
4.994722219999999652e+04 6.081666699999999764e+03
4.994750000000000000e+04 5.979166699999999764e+03
4.994833329999999842e+04 6.129444400000000314e+03
4.995000000000000000e+04 5.800000000000000000e+03
4.995000000000000000e+04 6.066666699999999764e+03
4.995055559999999969e+04 5.796111100000000079e+03
4.995222219999999652e+04 5.856111100000000079e+03
4.995277780000000348e+04 6.020000000000000000e+03
4.995472219999999652e+04 6.106944400000000314e+03
4.995583329999999842e+04 5.924722200000000157e+03
4.996027780000000348e+04 5.860833300000000236e+03
4.996027780000000348e+04 6.192222200000000157e+03
4.996083329999999842e+04 6.143055599999999686e+03
4.996250000000000000e+04 5.981666699999999764e+03
4.996361110000000190e+04 6.124166699999999764e+03
4.996500000000000000e+04 5.826666699999999764e+03
4.996722219999999652e+04 6.167777799999999843e+03
4.996777780000000348e+04 5.890277799999999843e+03
4.996888889999999810e+04 5.931944400000000314e+03
4.996916670000000158e+04 5.923055599999999686e+03
4.997000000000000000e+04 5.837222200000000157e+03
4.997111110000000190e+04 6.009722200000000157e+03
4.997277780000000348e+04 5.941944400000000314e+03
4.997305559999999969e+04 6.091666699999999764e+03
4.997416670000000158e+04 5.843888899999999921e+03
4.997472219999999652e+04 6.054166699999999764e+03
4.997805559999999969e+04 5.948611100000000079e+03
4.997972219999999652e+04 5.910833300000000236e+03
4.998166670000000158e+04 5.906111100000000079e+03
4.998361110000000190e+04 6.014444400000000314e+03
4.998444440000000031e+04 5.872500000000000000e+03
4.998500000000000000e+04 6.073333300000000236e+03
4.998527780000000348e+04 6.126666699999999764e+03
4.998888889999999810e+04 5.999166699999999764e+03
4.999055559999999969e+04 5.857500000000000000e+03
4.999444440000000031e+04 6.013055599999999686e+03
4.999777780000000348e+04 5.948888899999999921e+03
4.999944440000000031e+04 5.992777799999999843e+03
5.000166670000000158e+04 6.145555599999999686e+03
5.000722219999999652e+04 6.146666699999999764e+03
5.001027780000000348e+04 5.852222200000000157e+03
5.001055559999999969e+04 6.026666699999999764e+03
5.001166670000000158e+04 5.843611100000000079e+03
5.001222219999999652e+04 6.052777799999999843e+03
5.001277780000000348e+04 6.091388899999999921e+03
5.001333329999999842e+04 5.964722200000000157e+03
5.001500000000000000e+04 5.889722200000000157e+03
5.001666670000000158e+04 5.860833300000000236e+03
5.001777780000000348e+04 6.006111100000000079e+03
5.001777780000000348e+04 6.093333300000000236e+03
5.001805559999999969e+04 5.948888899999999921e+03
5.001944440000000031e+04 5.968055599999999686e+03
5.002138889999999810e+04 5.911388899999999921e+03
5.002888889999999810e+04 6.066666699999999764e+03
5.003361110000000190e+04 6.038611100000000079e+03
5.003611110000000190e+04 6.071388899999999921e+03
5.003666670000000158e+04 5.870833300000000236e+03
5.003666670000000158e+04 6.131111100000000079e+03
5.003833329999999842e+04 5.989444400000000314e+03
5.003916670000000158e+04 6.079722200000000157e+03
5.004083329999999842e+04 6.017500000000000000e+03
5.004611110000000190e+04 5.878055599999999686e+03
5.004611110000000190e+04 5.904166699999999764e+03
5.004638889999999810e+04 5.934166699999999764e+03
5.005166670000000158e+04 6.074722200000000157e+03
5.005333329999999842e+04 5.919166699999999764e+03
5.005333329999999842e+04 6.061944400000000314e+03
5.005472219999999652e+04 6.031388899999999921e+03
5.005583329999999842e+04 6.083611100000000079e+03
5.005777780000000348e+04 5.898055599999999686e+03
5.005777780000000348e+04 6.037500000000000000e+03
5.005833329999999842e+04 6.066388899999999921e+03
5.006000000000000000e+04 5.941944400000000314e+03
5.006222219999999652e+04 5.955833300000000236e+03
5.006277780000000348e+04 6.003611100000000079e+03
5.006444440000000031e+04 5.883055599999999686e+03
5.006555559999999969e+04 5.963888899999999921e+03
5.006944440000000031e+04 6.070555599999999686e+03
5.007000000000000000e+04 5.978055599999999686e+03
5.007527780000000348e+04 6.068888899999999921e+03
5.007555559999999969e+04 6.046666699999999764e+03
5.007888889999999810e+04 5.958055599999999686e+03
5.008000000000000000e+04 5.975555599999999686e+03
5.008055559999999969e+04 5.921666699999999764e+03
5.008333329999999842e+04 6.000000000000000000e+03
5.008333329999999842e+04 6.060000000000000000e+03
5.008388889999999810e+04 5.992500000000000000e+03
5.009361110000000190e+04 5.956666699999999764e+03
5.009611110000000190e+04 6.059166699999999764e+03
5.009611110000000190e+04 6.088055599999999686e+03
5.009722219999999652e+04 5.973055599999999686e+03
5.009944440000000031e+04 5.997500000000000000e+03
5.009972219999999652e+04 5.923333300000000236e+03
5.010277780000000348e+04 6.113055599999999686e+03
5.010444440000000031e+04 5.946111100000000079e+03
5.010722219999999652e+04 6.007777799999999843e+03
5.010805559999999969e+04 5.923333300000000236e+03
5.011750000000000000e+04 5.992777799999999843e+03
5.011805559999999969e+04 5.979166699999999764e+03
5.011888889999999810e+04 6.038611100000000079e+03
5.011916670000000158e+04 6.083333300000000236e+03
5.012111110000000190e+04 6.000277799999999843e+03
5.012361110000000190e+04 6.049444400000000314e+03
5.012416670000000158e+04 6.063611100000000079e+03
5.012444440000000031e+04 6.110000000000000000e+03
5.013333329999999842e+04 6.066666699999999764e+03
5.013361110000000190e+04 6.019166699999999764e+03
5.013722219999999652e+04 6.075000000000000000e+03
5.014055559999999969e+04 6.023888899999999921e+03
5.014583329999999842e+04 5.983888899999999921e+03
5.014916670000000158e+04 6.013333300000000236e+03
5.015000000000000000e+04 6.050000000000000000e+03
5.015555559999999969e+04 6.053333300000000236e+03
5.015666670000000158e+04 5.978611100000000079e+03
5.016083329999999842e+04 6.108888899999999921e+03
5.016472219999999652e+04 6.015000000000000000e+03
5.016555559999999969e+04 6.088888899999999921e+03
5.018166670000000158e+04 6.025277799999999843e+03
